 Done! 

predictions =

   0
   1
   0
   0
   0
   0
   0
   1
   1
   1
   1
   1
   0
   0
   1
   0
   0
   1
   0
   0
   0
   0
   0
   1
   0
   0
   0
   0
   1
   0
   0
   0
   0
   0
   1
   1
   1
   0
   0
   0
   0
   1
   0
   1
   0
   1
   1
   0
   0
   1
   0
   1
   1
   1
   1
   1
   1
   1
   1
   0
   0
   0
   0
   1
   0
   1
   1
   1
   1
   1
   1
   1
   0
   1
   0
   1
   0
   0
   0
   0
   0
   0
   0
   1
   0
   0
   1
   1
   0
   0
   0
   1
   1
   1
   1
   0
   0
   1
   0
   0
   1
   1
   0
   1
   1
   1
   1
   1
   1
   0
   1
   0
   0
   1
   1
   1
   0
   1
   0
   0
   0
   0
   0
   0
   0
   0
   0
   1
   1
   1
   1
   0
   1
   0
   1
   1
   0
   0
   1
   1
   0
   0
   0
   0
   0
   0
   1
   0
   0
   1
   0
   1
   1
   0
   0
   1
   0
   0
   1
   0
   1
   0
   1
   0
   0
   0
   0
   0
   1
   1
   0
   0
   0
   0
   1
   0
   0
   0
   0
   1
   0
   0
   1
   1
   1
   0
   0
   1
   0
   1
   0
   0
   1
   1
   1
   0
   0
   0
   0
   0

pred_error =  0.045000

Training ....